C        0.000000000      0.000000000      2.814139061
C        0.000000000      0.000000000      1.407244051
C       -1.218305227      0.000000000      0.664039663
C        1.218305227      0.000000000      0.664039663
C       -1.211963315      0.000000000     -0.722009175
C        1.211963315      0.000000000     -0.722009175
C        0.000000000      0.000000000     -1.427851317
H       -0.928161569      0.000000000      3.375559022
H        0.928161569      0.000000000      3.375559022
H       -2.160687321      0.000000000      1.205806847
H        2.160687321      0.000000000      1.205806847
H       -2.153444059      0.000000000     -1.264734695
H        2.153444059      0.000000000     -1.264734695
H        0.000000000      0.000000000     -2.513855119
