Cl -4.301341 -5.177854 0.398099
C -3.451419 -3.690383 0.300447
C -3.750550 -2.777776 -0.714331
Cl -4.967504 -3.155639 -1.868131
C -3.045364 -1.577992 -0.799269
Cl -3.358608 -0.538490 -2.138828
C -2.041370 -1.242658 0.128676
C -1.297571 0.021588 0.034712
C -2.019146 1.291644 -0.121493
C -3.098419 1.631746 0.715805
Cl -3.527971 0.598547 2.027788
C -3.791585 2.832031 0.566549
Cl -5.098868 3.218799 1.613596
C -3.407271 3.738694 -0.424382
Cl -4.245114 5.225378 -0.602001
C -2.336863 3.430561 -1.267750
Cl -1.881829 4.535998 -2.503150
C -1.662076 2.219633 -1.118062
Cl -0.429743 1.825898 -2.257720
C 0.169340 0.010209 0.104820
C 0.872318 0.859409 0.980217
Cl 0.007299 1.894621 2.057682
C 2.260451 0.824369 1.056951
Cl 3.084620 1.895131 2.136577
C 3.029283 -0.057252 0.280316
C 4.484526 -0.080033 0.461170
C 5.389084 -0.033120 -0.527638
C 6.840328 -0.041479 -0.362772
C 7.476057 -0.297296 0.861908
C 8.854688 -0.292103 0.962142
C 9.652349 -0.031928 -0.163828
C 9.026354 0.217929 -1.391337
C 7.643989 0.208320 -1.483389
C 11.072370 -0.027755 -0.056979
C 12.275766 -0.024615 0.037325
C 2.330670 -0.907964 -0.590393
Cl 3.195460 -2.066347 -1.540339
C 0.939902 -0.865368 -0.684216
Cl 0.158398 -1.858781 -1.862005
C -1.775418 -2.173539 1.151211
Cl -0.655247 -1.782400 2.402255
C -2.458465 -3.386131 1.234709
Cl -2.108157 -4.499684 2.497058
H 4.813209 -0.083829 1.497125
H 5.043932 0.044816 -1.555704
H 6.890876 -0.515581 1.749457
H 9.329304 -0.495628 1.916588
H 9.628976 0.416640 -2.271544
H 7.173341 0.401567 -2.443369
H 13.340512 -0.021816 0.120462
