N      -1.178139       5.713381      -0.263033
    C      -0.927397       4.389839      -0.178474
    C      -1.548187       3.462642      -1.041050
   Cl      -2.662746       4.084392      -2.208416
    C      -1.256653       2.109291      -0.980601
   Cl      -1.979814       1.070747      -2.157808
    C      -0.329213       1.579827      -0.056272
    C      -0.024528       0.155349       0.004578
    C       1.371600      -0.303717       0.046243
    C       2.324100       0.153015      -0.884884
   Cl       1.842668       1.205497      -2.164360
    C       3.645598      -0.291579      -0.860619
   Cl       4.778242       0.274031      -2.024807
    C       4.049809      -1.222877       0.099113
   Cl       5.672159      -1.782503       0.130284
    C       3.127367      -1.694186       1.035884
   Cl       3.629899      -2.819767       2.234785
    C       1.812912      -1.230669       1.008641
   Cl       0.742262      -1.736791       2.263156
    C      -1.109503      -0.837408       0.020763
    C      -2.190656      -0.729233       0.917487
   Cl      -2.212505       0.531149       2.094810
    C      -3.221173      -1.668204       0.940270
   Cl      -4.520874      -1.510280       2.056026
    C      -3.189171      -2.759724       0.069038
   Cl      -4.451139      -3.922854       0.098156
    C      -2.126548      -2.897975      -0.826489
   Cl      -2.095723      -4.234166      -1.909072
    C      -1.111797      -1.942116      -0.851639
   Cl       0.105122      -2.080792      -2.066371
    C       0.286209       2.515637       0.804163
   Cl       1.342960       1.961726       2.054418
    C       0.002043       3.870620       0.746388
   Cl       0.758196       4.987159       1.829434
    H      -1.978278       6.032594      -0.784649
    H      -0.864785       6.323794       0.474219

