C        0.000000000      0.000000000      1.036041191
C       -0.031793830     -1.300936744      0.429551822
C        0.031793830      1.300936744      0.429551822
C        0.293664627     -2.431105707      1.227500033
C       -0.293664627      2.431105707      1.227500033
C       -0.420336789     -1.550682343     -0.913737649
C        0.420336789      1.550682343     -0.913737649
C        0.276560554     -3.717526452      0.706530949
C       -0.276560554      3.717526452      0.706530949
C       -0.441252623     -2.842366640     -1.426774452
C        0.441252623      2.842366640     -1.426774452
H        0.576796707     -2.273479116      2.265339390
H       -0.576796707      2.273479116      2.265339390
H       -0.752303015     -0.728245594     -1.536439867
H        0.752303015      0.728245594     -1.536439867
C       -0.084115644     -3.934259326     -0.628694181
C        0.084115644      3.934259326     -0.628694181
H        0.543768884     -4.558256101      1.340935052
H       -0.543768884      4.558256101      1.340935052
H       -0.752813175     -3.001437222     -2.455687551
H        0.752813175      3.001437222     -2.455687551
H       -0.099689746     -4.940505838     -1.036741750
H        0.099689746      4.940505838     -1.036741750
H        0.000000000      0.000000000      2.125023499