C        0.000000000      0.000000000     -1.725072096
C       -0.013387169      1.266329395     -2.466558265
C        0.013387169     -1.266329395     -2.466558265
C       -0.724552471      1.393225271     -3.683308194
C        0.724552471     -1.393225271     -3.683308194
C        0.684638814      2.405836462     -2.001180756
C       -0.684638814     -2.405836462     -2.001180756
C       -0.743880094      2.593040082     -4.387597569
C        0.743880094     -2.593040082     -4.387597569
H       -1.281620106      0.541057340     -4.058922118
H        1.281620106     -0.541057340     -4.058922118
C        0.669257096      3.601975901     -2.712873529
C       -0.669257096     -3.601975901     -2.712873529
H        1.261211538      2.334058956     -1.084707016
H       -1.261211538     -2.334058956     -1.084707016
C       -0.046619621      3.705785259     -3.908604365
C        0.046619621     -3.705785259     -3.908604365
H       -1.311988856      2.662688240     -5.311297095
H        1.311988856     -2.662688240     -5.311297095
H        1.226784762      4.455704689     -2.336964989
H       -1.226784762     -4.455704689     -2.336964989
H       -0.059987910      4.640820769     -4.461398158
H        0.059987910     -4.640820769     -4.461398158
C        0.000000000      0.000000000     -0.267970700
C       -0.608843339      1.040158813      0.479475536
C        0.608843339     -1.040158813      0.479475536
C       -0.610165087      1.035348577      1.866418817
C        0.610165087     -1.035348577      1.866418817
H       -1.117487158      1.841258466     -0.046465691
H        1.117487158     -1.841258466     -0.046465691
C        0.000000000      0.000000000      2.600751917
H       -1.127684331      1.830818301      2.395073710
H        1.127684331     -1.830818301      2.395073710
C        0.000000000      0.000000000      4.082132400
C        0.078020642      1.202908915      4.807431783
C       -0.078020642     -1.202908915      4.807431783
C        0.076508977      1.203031137      6.201161278
C       -0.076508977     -1.203031137      6.201161278
H        0.168518321      2.143638630      4.272375250
H       -0.168518321     -2.143638630      4.272375250
C        0.000000000      0.000000000      6.905620831
H        0.145598869      2.145171686      6.738060198
H       -0.145598869     -2.145171686      6.738060198
H        0.000000000      0.000000000      7.991926294
