Cl 3.26547313 12.58033276 15.27755547
Cl 2.15338016 9.82802773 19.85913849
Cl 0.18465915 10.34262276 16.08944511
Cl 0.70414096 13.39573383 20.59068298
Cl -0.00243255 14.23111916 16.43479156
Cl 4.34039450 12.99002075 19.49234390
C 1.77577293 12.23063183 17.94256210
C 2.76020765 11.21220684 17.58486557
C 3.58060002 11.33065796 16.44657516
C 4.61993217 10.46177292 16.16567612
H 5.14623737 10.59831238 15.38657284
C 4.90753603 9.38557816 17.01103973
C 4.06060934 9.20126438 18.11540985
H 4.19690514 8.45787334 18.69113922
C 3.03657794 10.08263206 18.37602425
C 6.06017208 8.48836327 16.75667572
C 7.12111616 8.89321136 15.95031452
H 7.10927534 9.76141167 15.56334591
C 8.19369698 8.05321598 15.70359898
H 8.89985657 8.35704803 15.14530468
C 8.26473141 6.78409052 16.24847794
C 7.22163105 6.38382053 17.05816078
H 7.24795532 5.52202988 17.45781326
C 6.12989807 7.21348524 17.30302048
H 5.42102051 6.90283155 17.85355568
C 0.42038071 11.85733891 18.34841156
C -0.38045648 10.95073986 17.62931633
C -1.62975287 10.54815578 18.03676224
H -2.11779833 9.92387295 17.51284790
C -2.18678427 11.04929829 19.21543694
C -1.44493914 11.97232342 19.93592453
H -1.80651164 12.34231377 20.73284531
C -0.19665401 12.36076546 19.51715660
C -3.49554062 10.56203461 19.74393082
C -3.60495353 9.23717690 20.21084023
C -4.81022644 8.81660080 20.76275444
H -4.89328814 7.91532421 21.05352402
C -5.89244032 9.66442966 20.90168190
C -5.77081633 10.95447350 20.42819977
H -6.51209784 11.54349613 20.50415421
C -4.59973621 11.41842937 19.84391594
C 2.17591357 13.64230442 17.95455742
C 1.40837502 14.65224457 17.34243965
C 1.75417793 15.99382114 17.38214874
H 1.20652795 16.63733864 16.94714546
C 2.89536333 16.39817429 18.05549240
C 3.68957114 15.43616581 18.66782951
H 4.47705746 15.69805241 19.13053513
C 3.33891416 14.09787560 18.60664177
C 3.26312327 17.85132790 18.13271904
C 2.59250879 18.70027733 19.02176476
C 2.97717166 20.04111099 19.08498573
H 2.53258276 20.61935616 19.69416046
C 3.98191881 20.55504799 18.29207802
C 4.62409878 19.69923401 17.40806580
H 5.31236696 20.04323578 16.85065651
C 4.28908873 18.34878349 17.31446648
