C     -3.90159106     0.96208102     0.27674299
C     -2.79330397     0.64063197     1.06997204
C     -1.49734795     0.94066399     0.67970002
C     -1.24167597     1.60944104    -0.53830200
N     -0.01132300     2.00337291    -0.97826898
C      1.12311995     1.32574701    -0.64587998
C      2.34790206     2.02433801    -0.71601701
C      3.55317211     1.40473604    -0.43467101
C      3.62615800     0.04020300    -0.11262000
C      2.40722299    -0.66087401    -0.07731200
C      1.19260204    -0.05278800    -0.32626599
C     -2.36426997     1.98050797    -1.31448603
C     -3.64438391     1.63910902    -0.92906398
H     -2.93261290     0.14719699     2.02565598
H     -0.67375499     0.70202798     1.34468997
H      2.32384109     3.07840395    -0.97771001
H      4.45146084     2.00857496    -0.47963801
H      2.40102506    -1.72261000     0.14802200
H      0.28859499    -0.65255100    -0.32700101
H     -2.19382095     2.52004004    -2.24185395
H     -4.46834898     1.91258800    -1.58048797
