C 2.57545805 1.18668795 -0.05622900
C 2.44874001 -0.20130400 -0.04860800
C 1.18347096 -0.83152199 -0.03030600
C 1.03705204 -2.23740411 -0.02531800
C -0.21869200 -2.84377599 -0.01023800
C -1.35725796 -2.04033995 -0.00930800
C -1.27030098 -0.62875098 -0.01414800
C -2.41398096 0.20060299 -0.01597800
C -2.31057000 1.59194195 -0.02287000
C -1.04628396 2.17582798 -0.03667200
C 0.13268200 1.39442694 -0.03627300
C 1.42302299 1.97114003 -0.05436700
C 0.01545300 -0.02146900 -0.02340600
H 3.34167600 -0.82240498 -0.05840800
H 1.93232799 -2.85509396 -0.03416300
H -2.34200406 -2.50192904 -0.00538700
H -3.39722610 -0.26440200 -0.01254800
H -0.95436698 3.25944591 -0.04868500
H 1.51044905 3.05515909 -0.06871800
