   Cl      -5.251744      -5.194591       0.406730
    C      -4.448970      -3.682590       0.296156
    C      -3.419644      -3.501352      -0.631137
   Cl      -2.974424      -4.794610      -1.671670
    C      -2.776171      -2.267498      -0.721735
   Cl      -1.605182      -2.048065      -1.967170
    C      -3.121988      -1.189284       0.115229
    C      -2.421483       0.100310       0.028989
    C      -3.185960       1.351821      -0.062968
    C      -2.904334       2.445008       0.778268
   Cl      -1.731357       2.284538       2.030648
    C      -3.612886       3.642512       0.685540
   Cl      -3.245836       4.954723       1.732691
    C      -4.644541       3.769693      -0.248124
   Cl      -5.528112       5.235930      -0.359219
    C      -4.955082       2.697253      -1.088342
   Cl      -6.212397       2.863052      -2.248081
    C      -4.227514       1.510947      -0.996855
   Cl      -4.559499       0.260206      -2.135707
    C      -0.951922       0.135133       0.031390
    C      -0.202515      -0.558296       1.000644
   Cl      -1.011762      -1.360606       2.296732
    C       1.191312      -0.536704       0.990012
   Cl       2.069113      -1.359224       2.230210
    C       1.903226       0.175814       0.018225
    C       3.386691       0.184728       0.003596
    C       4.082490      -0.959255      -0.369685
    C       5.474251      -0.939401      -0.370672
    C       6.157704       0.238890       0.005654
    C       5.469542       1.387122       0.391462
    C       4.084873       1.344217       0.380703
    N       7.521037       0.007027      -0.050332
    C       7.731166      -1.307028      -0.448123
    C       8.930576      -1.984120      -0.655596
    C       8.858115      -3.307640      -1.067008
    C       7.626600      -3.944536      -1.272709
    C       6.436352      -3.261346      -1.075185
    C       6.481779      -1.929546      -0.661190
    C       8.534292       0.934888       0.297818
    C       9.384416       0.659829       1.366766
    C      10.382933       1.565117       1.704803
    C      10.526310       2.749288       0.988599
    C       9.670696       3.024047      -0.073425
    C       8.678555       2.116209      -0.426328
    C       1.162226       0.875282      -0.940520
   Cl       2.006861       1.730008      -2.181897
    C      -0.231762       0.857587      -0.938755
   Cl      -1.073942       1.639764      -2.226159
    C      -4.159941      -1.402861       1.042372
   Cl      -4.566925      -0.169370       2.175507
    C      -4.822488      -2.626820       1.131908
   Cl      -6.075098      -2.858045       2.285582
    H       3.543511      -1.859517      -0.650561
    H       5.992618       2.287075       0.696816
    H       3.525631       2.226445       0.677193
    H       9.888613      -1.497949      -0.503411
    H       9.778422      -3.859512      -1.233570
    H       7.607251      -4.981907      -1.591822
    H       5.483285      -3.755592      -1.240667
    H       9.255650      -0.258480       1.931306
    H      11.044234       1.348297       2.538179
    H      11.303756       3.457591       1.258045
    H       9.781286       3.944282      -0.638945
    H       8.018611       2.314202      -1.265428

