C -3.792437790 0.025111500 -0.833505090
N 0.077643350 0.818971930 5.568101880
C 3.597724910 0.358291330 0.039568520
C -3.635015490 -0.690425520 0.358338800
C 0.742623030 -0.209660220 5.039769170
C -0.611931090 1.596064690 4.731354710
C 2.612109660 -1.590601090 -0.975293340
C -2.695320840 0.745058000 -1.318307520
C 2.403444290 0.602334680 0.710819070
C -2.419976950 -0.685981210 1.034205080
C 0.742678340 -0.500051560 3.676424030
C -0.661492170 1.381416920 3.355052710
C 1.426440600 -1.337533950 -0.291966860
C -1.486604810 0.746713940 -0.630265590
C 1.261948110 -0.231029640 0.581507210
C -1.284204480 0.031675090 0.578153250
C 0.026929230 0.300005080 2.752173420
H 4.428307060 1.041628960 0.173637930
H -4.459866520 -1.270421980 0.756618080
H 1.297343610 -0.848291100 5.721930500
H -1.146364330 2.439343930 5.160209660
H 2.676151510 -2.461561680 -1.617359400
H -2.784989830 1.321660760 -2.232167240
C 0.000598320 0.033182310 1.301719310
Cl 2.346568350 2.072324280 1.671904330
Cl -2.329674720 -1.708590510 2.461258890
Cl 1.597127320 -1.949557070 3.186915400
Cl -1.541973950 2.567411180 2.411781070
Cl 0.151155370 -2.529392000 -0.496576430
Cl -0.224773510 1.772966380 -1.296853660
C -5.096312050 0.014523920 -1.570077780
C -5.386578080 -1.033595560 -2.465748070
C -6.031246660 1.052809360 -1.364512320
C -6.612575530 -1.025191780 -3.141736030
C -7.241865160 1.019631980 -2.060960770
C -7.553501610 -0.011198470 -2.954799890
H -6.834359170 -1.834668760 -3.833717110
H -7.961418150 1.819825290 -1.900056360
C 3.701574090 -0.740884660 -0.807699020
H 4.629474160 -0.935057460 -1.336214420
