N 0.0000000000 0.0000000000 6.5354089981
C 3.5078141566 -0.8583419222 0.9317985775
C -3.5078141566 0.8583419222 0.9317985775
C 0.7582336062 0.8503652667 5.8412581085
C -0.7582336062 -0.8503652667 5.8412581085
C 2.6273812419 0.9213486874 -0.4197108790
C -2.6273812419 -0.9213486874 -0.4197108790
C 2.3499824717 -0.8361259760 1.7031747486
C -2.3499824717 0.8361259760 1.7031747486
C 0.7861027637 0.8868876849 4.4482429107
C -0.7861027637 -0.8868876849 4.4482429107
C 1.4807566226 0.9397611366 0.3653567791
C -1.4807566226 -0.9397611366 0.3653567791
C 1.2688386661 0.0444660996 1.4463378275
C -1.2688386661 -0.0444660996 1.4463378275
C 0.0000000000 0.0000000000 3.6710221579
H 4.2837906582 -1.5798603472 1.1597319689
H -4.2837906582 1.5798603472 1.1597319689
H 1.3688466882 1.5494341703 6.4063148241
H -1.3688466882 -1.5494341703 6.4063148241
H 2.7258107699 1.6305216237 -1.2334119167
H -2.7258107699 -1.6305216237 -1.2334119167
C 0.0000000000 -0.0000000000 2.1997898989
CL 2.2436822918 -2.0527632871 2.9661258373
CL -2.2436822918 2.0527632871 2.9661258373
CL 1.7712493606 2.1400098903 3.7198452867
CL -1.7712493606 -2.1400098903 3.7198452867
CL 0.3208958509 2.2091814083 -0.0011985199
CL -0.3208958509 -2.2091814083 -0.0011985199
C 3.6540682137 0.0094505170 -0.1544112667
C -3.6540682137 -0.0094505170 -0.1544112667
C 4.8744166406 -0.0413275356 -1.0167038898
C -4.8744166406 0.0413275356 -1.0167038898
C 6.0101499291 0.6093825268 -0.6298885865
C -6.0101499291 -0.6093825268 -0.6298885865
C 4.8510213000 -0.7827733209 -2.2627291179
C -4.8510213000 0.7827733209 -2.2627291179
C 7.2047985348 0.5962587638 -1.4224266914
C -7.2047985348 -0.5962587638 -1.4224266914
H 6.0218736342 1.1659642950 0.3037554082
H -6.0218736342 -1.1659642950 0.3037554082
C 6.0228799758 -0.8246254877 -3.0793886403
C -6.0228799758 0.8246254877 -3.0793886403
C 3.6909160376 -1.4771804521 -2.6844946938
C -3.6909160376 1.4771804521 -2.6844946938
C 8.3598974555 1.2922853393 -0.9943632216
C -8.3598974555 -1.2922853393 -0.9943632216
C 7.2264800574 -0.1229758235 -2.6516505439
C -7.2264800574 0.1229758235 -2.6516505439
C 5.9658369741 -1.5570688379 -4.2887857042
C -5.9658369741 1.5570688379 -4.2887857042
H 2.8045807563 -1.4523992090 -2.0598615403
H -2.8045807563 1.4523992090 -2.0598615403
C 3.6706752113 -2.1842967857 -3.8708832641
C -3.6706752113 2.1842967857 -3.8708832641
C 9.5158210138 1.2818028854 -1.7497200954
C -9.5158210138 -1.2818028854 -1.7497200954
H 8.3214109121 1.8389883280 -0.0555320147
H -8.3214109121 -1.8389883280 -0.0555320147
C 8.4278014421 -0.1184107646 -3.3994794235
C -8.4278014421 0.1184107646 -3.3994794235
C 4.8190858577 -2.2221444134 -4.6805635079
C -4.8190858577 2.2221444134 -4.6805635079
H 6.8384299438 -1.6019374801 -4.9300473989
H -6.8384299438 1.6019374801 -4.9300473989
H 2.7699168159 -2.7095116523 -4.1748182828
H -2.7699168159 2.7095116523 -4.1748182828
C 9.5465943518 0.5663236034 -2.9612364561
C -9.5465943518 -0.5663236034 -2.9612364561
H 10.3963987720 1.8205135894 -1.4122101509
H -10.3963987720 -1.8205135894 -1.4122101509
H 8.4854339011 -0.6592445900 -4.3372547310
H -8.4854339011 0.6592445900 -4.3372547310
H 4.8074255815 -2.7757725972 -5.6149722300
H -4.8074255815 2.7757725972 -5.6149722300
H 10.4540373222 0.5510844583 -3.5581745715
H -10.4540373222 -0.5510844583 -3.5581745715
