N -2.16609812 3.75179172 -0.00000000
N -2.16609788 -3.75179172 -0.00000000
N 4.33219576 0.00000012 0.00000000
C -1.17309141 3.52683926 -0.86135316
C -2.46778679 -2.77934647 -0.86135316
C 3.64087820 0.74749267 0.86135316
C -2.46778679 2.77934647 0.86135316
C -1.17309141 -3.52683926 0.86135316
C 3.64087820 -0.74749267 -0.86135316
C -0.45135590 2.33410907 -0.89774179
C -1.79571986 -1.55794024 -0.89774179
C 2.24707580 0.77616888 0.89774179
C -1.79571986 1.55794024 0.89774179
C -0.45135590 -2.33410907 0.89774179
C 2.24707580 -0.77616888 -0.89774179
C -0.73787993 1.27804554 -0.00000000
C -0.73787993 -1.27804554 -0.00000000
C 1.47575986 0.00000000 0.00000000
H -0.93595785 4.31780910 -1.56769097
H -3.27135324 -2.96946764 -1.56769097
H 4.20731115 1.34834123 1.56769097
H -3.27135324 2.96946764 1.56769097
H -0.93595785 -4.31780910 1.56769097
H 4.20731115 -1.34834123 -1.56769097
C 0.00000000 0.00000000 -0.00000000
Cl 0.75412267 2.17989993 -2.15700960
Cl -2.26490998 -0.43686059 -2.15700960
Cl 1.51078737 1.74303937 2.15700960
Cl -2.26490998 0.43686059 2.15700960
Cl 0.75412267 -2.17989993 2.15700960
Cl 1.51078737 -1.74303937 -2.15700960
