C        0.000000000      0.000000000      0.000000000
C        -0.732589815      1.268882781      0.000000000
C        -0.732589815     -1.268882781      0.000000000
C        1.465179630      0.000000000      0.000000000
C        -0.236422105      2.407132172      0.680607565
C        -1.966426559     -1.408313635      0.680607565
C        2.202848664      0.998818537     -0.680607565
C        -1.966426559      1.408313635     -0.680607565
C        -0.236422105     -2.407132172     -0.680607565
C        2.202848664     -0.998818537      0.680607565
C        -0.935619666      3.609993361      0.681945691
C        -2.658536126     -2.615267080      0.681945691
C        3.594155791      0.994726282     -0.681945691
C        -2.658536126      2.615267080     -0.681945691
C        -0.935619666     -3.609993361     -0.681945691
C        3.594155791     -0.994726282      0.681945691
H                  0.696718826      2.328409121      1.228613418
H                 -2.364820862     -0.560828358      1.228613418
H                  1.668102036      1.767580763     -1.228613418
H                 -2.364820862      0.560828358     -1.228613418
H                  0.696718826     -2.328409121     -1.228613418
H                  1.668102036     -1.767580763      1.228613418
C        -2.150326297      3.724474399      0.000000000
C        -2.150326297     -3.724474399      0.000000000
C        4.300652594      0.000000000      0.000000000
H                 -0.534756894      4.461298117      1.225587209
H                 -3.596219056     -2.693762113      1.225587209
H                  4.130975950      1.767536004     -1.225587209
H                 -3.596219056      2.693762113     -1.225587209
H                 -0.534756894     -4.461298117     -1.225587209
H                  4.130975950     -1.767536004      1.225587209
H                 -2.693455442      4.665201674      0.000000000
H                 -2.693455442     -4.665201674      0.000000000
H                  5.386910885      0.000000000      0.000000000
