C 0.00000000 -0.00000000 -5.57571411
C -3.76239896 0.06240438 0.90917647
C 3.76239896 -0.06240438 0.90917647
C -0.82573432 -0.88397688 -4.88898802
C 0.82573432 0.88397688 -4.88898802
C -2.76610613 -0.85855830 1.24623561
C 2.76610613 0.85855830 1.24623561
C -3.52860546 0.96767169 -0.13040978
C 3.52860546 -0.96767169 -0.13040978
C -0.81237864 -0.87625390 -3.49800611
C 0.81237864 0.87625390 -3.49800611
C -1.57017922 -0.87426102 0.53968704
C 1.57017922 0.87426102 0.53968704
C -2.31557250 0.94819206 -0.80750459
C 2.31557250 -0.94819206 -0.80750459
C 0.00000000 -0.00000000 -2.73065424
C -1.27605796 0.02573193 -0.51842117
C 1.27605796 -0.02573193 -0.51842117
H -1.45442712 -1.58457661 -5.42346621
H 1.45442712 1.58457661 -5.42346621
H -2.92205071 -1.56381297 2.05293870
H 2.92205071 1.56381297 2.05293870
H -4.29011106 1.68310535 -0.41475567
H 4.29011106 -1.68310535 -0.41475567
C -0.00000000 -0.00000000 -1.25600302
Cl -1.80492675 -2.10206699 -2.72834349
Cl 1.80492675 2.10206699 -2.72834349
Cl -0.44153935 -2.14294910 0.98935127
Cl 0.44153935 2.14294910 0.98935127
Cl -2.10501719 2.19568110 -2.02525306
Cl 2.10501719 -2.19568110 -2.02525306
Cl -0.00000000 -0.00000000 -7.32535887
N -4.98843765 0.08110380 1.60853696
N 4.98843765 -0.08110380 1.60853696
C -5.81612253 -1.03087640 1.86166024
C 5.81612253 1.03087640 1.86166024
C -5.59387398 1.21177649 2.16933060
C 5.59387398 -1.21177649 2.16933060
C -6.95338631 -0.60459429 2.58820486
C 6.95338631 0.60459429 2.58820486
C -5.17971134 2.54023767 2.24441385
C 5.17971134 -2.54023767 2.24441385
C -6.81164265 0.82211095 2.78732991
C 6.81164265 -0.82211095 2.78732991
C -7.94536877 -1.52347565 2.94460583
C 7.94536877 1.52347565 2.94460583
H -4.24534845 2.88439083 1.81341791
H 4.24534845 -2.88439083 1.81341791
C -6.03346109 3.41370630 2.91767764
C 6.03346109 -3.41370630 2.91767764
N -7.62596226 1.66420054 3.43297410
N 7.62596226 -1.66420054 3.43297410
H -8.81535053 -1.18840110 3.50035453
H 8.81535053 1.18840110 3.50035453
C -7.79176283 -2.85313725 2.56582594
C 7.79176283 2.85313725 2.56582594
H -5.77520609 4.46372128 3.01198435
H 5.77520609 -4.46372128 3.01198435
C -7.22921705 2.93995118 3.48165774
C 7.22921705 -2.93995118 3.48165774
H -8.54891872 -3.58400774 2.83291864
H 8.54891872 3.58400774 2.83291864
C -6.66495943 -3.26112986 1.83010745
C 6.66495943 3.26112986 1.83010745
H -6.56954527 -4.30165243 1.53346682
H 6.56954527 4.30165243 1.53346682
C -5.66493273 -2.36204243 1.46367276
C 5.66493273 2.36204243 1.46367276
H -4.81014204 -2.68898392 0.88220835
H 4.81014204 2.68898392 0.88220835
H -7.89136457 3.62893391 4.00210762
H 7.89136457 -3.62893391 4.00210762
