C     -2.12812400    -3.78667092     0.00276284
C      4.34341526     0.05032598     0.00276284
C     -2.21529126     3.73634505     0.00276284
C     -1.09730983    -3.55451369     0.91977692
C      3.62695408     0.82695860     0.91977692
C     -2.52964425     2.72755504     0.91977692
C     -2.46426654    -2.77918696    -0.90722853
C      3.63897991    -0.74452394    -0.90722853
C     -1.17471325     3.52371097    -0.90722853
C     -0.41852081    -2.34302044     0.90943927
C      2.23837566     0.80906057     0.90943927
C     -1.81985474     1.53395987     0.90943927
C     -1.78482640    -1.56823480    -0.88492906
C      2.25054431    -0.76158762    -0.88492906
C     -0.46571800     2.32982230    -0.88492906
C     -0.72359461    -1.28306246     0.01496591
C      1.47296190     0.01487990     0.01496591
C     -0.74936736     1.26818252     0.01496591
H     -0.85117930    -4.30055761     1.66474366
H      4.14998150     1.41313577     1.66474366
H     -3.29880238     2.88742161     1.66474366
H     -3.22570682    -2.95239091    -1.65710723
H      4.16969872    -1.31734860    -1.65710723
H     -0.94399214     4.26973963    -1.65710723
C      0.00000000    -0.00000000     0.01697170
Cl      0.78735775    -2.14021516     2.17079234
Cl      1.45980179     1.75197935     2.17079234
Cl     -2.24715948     0.38823572     2.17079234
Cl     -2.23683596    -0.42517945    -2.14021325
Cl      1.48663425    -1.72456717    -2.14021325
Cl      0.75020182     2.14974666    -2.14021325
N     -2.81846166    -5.01600552    -0.00258131
N      5.75321913     0.06714338    -0.00258131
N     -2.93475747     4.94886208    -0.00258131
C     -4.21516562    -5.17532158    -0.02352417
C      6.58954287    -1.06277978    -0.02352417
C     -2.37437701     6.23810148    -0.02352417
C     -2.22908711    -6.29212904     0.01707532
C      6.56368732     1.21561849     0.01707532
C     -4.33459997     5.07651043     0.01707532
C     -4.51805735    -6.55956554    -0.01694011
C      7.93977928    -0.63296980    -0.01694011
C     -3.42172170     7.19253540    -0.01694011
C     -5.22176552    -4.20625782    -0.00128426
C      6.25360870    -2.41905260    -0.00128426
C     -1.03184330     6.62531042    -0.00128426
C     -0.87835020    -6.64941120    -0.00428474
C      6.19773388     2.56403208    -0.00428474
C     -5.31938410     4.08537912    -0.00428474
C     -3.25482512    -7.26984739     0.00792304
C      7.92328501     0.81616253     0.00792304
C     -4.66845989     6.45368481     0.00792304
C     -5.85488796    -6.97393036    -0.01845289
C      8.96704483    -1.58351672    -0.01845289
C     -3.11215663     8.55744743    -0.01845289
C     -6.54444647    -4.64516306    -0.00374976
C      7.29505253    -3.34507561    -0.00374976
C     -0.75060570     7.99023867    -0.00374976
H     -4.99007702    -3.14751172     0.02725659
H      5.22086382    -2.74777746     0.02725659
H     -0.23078677     5.89528942     0.02725659
H     -0.09388956    -5.90142393    -0.03010113
H      5.15772772     2.86940122    -0.03010113
H     -5.06383848     3.03202271    -0.03010113
C     -0.56666023    -8.00811768    -0.00414017
C      7.21856356     3.51331687    -0.00414017
C     -6.65190363     4.49480104    -0.00414017
C     -2.91507244    -8.62742138     0.00830557
C      8.92910194     1.78918386     0.00830557
C     -6.01402998     6.83823729     0.00830557
H     -6.10108566    -8.03207016    -0.01422259
H     10.00651932    -1.26766014    -0.01422259
H     -3.90543389     9.29973030    -0.01422259
C     -6.86248589    -6.01335955    -0.01820794
C      8.63896465    -2.93640733    -0.01820794
C     -1.77647924     8.94976711    -0.01820794
H     -7.34362745    -3.90973091     0.00955027
H      7.05774021    -4.40490246     0.00955027
H      0.28588745     8.31463337     0.00955027
H      0.47691455    -8.30872726    -0.01777992
H      6.95711136     4.56738377    -0.01777992
H     -7.43402624     3.74134350    -0.01777992
C     -1.57102239    -8.99004459     0.00841957
C      8.57111835     3.13447714     0.00841957
C     -7.00009584     5.85556746     0.00841957
H     -3.69182754    -9.38696289     0.00331566
H      9.97526169     1.49626493     0.00331566
H     -6.28343439     7.89069748     0.00331566
H     -7.90359497    -6.32143164    -0.02259237
H      9.42631817    -3.68399835    -0.02259237
H     -1.52272284    10.00543022    -0.02259237
H     -1.29513645   -10.04016876     0.01138648
H      9.34260941     3.89846349     0.01138648
H     -8.04747295     6.14170551     0.01138648