C      3.8951750     0.7589430    -0.3219430
C      2.8574530    -0.1222530     0.0395240
C      1.5196590     0.2108290    -0.1049950
C      1.2185390     1.4689390    -0.6228780
C      2.2335060     2.3637620    -1.0103680
C      3.5699290     2.0059150    -0.8536680
H      3.1139720    -1.1061240     0.4196620
H      0.7411950    -0.4957970     0.1603160
H      4.3565990     2.7028790    -1.1269730
C      0.1897020     3.3125760    -1.4459320
C     -0.7407700     4.2741080    -1.8366370
C     -0.2512820     5.4712690    -2.3414340
C      1.1249420     5.7124990    -2.4497710
C      2.0433720     4.7557820    -2.0427140
C      1.5760930     3.5448280    -1.5324450
H     -1.8073070     4.1022430    -1.7430290
H     -0.9533280     6.2369870    -2.6550240
H      1.4722090     6.6589920    -2.8499040
H      3.1097340     4.9459260    -2.1143590
N     -0.0223010     2.0479240    -0.8911790
C     -1.2747110     1.4598100    -0.6399160
C     -1.5687870     0.9514540     0.6219690
C     -2.2273610     1.3824360    -1.6517160
C     -2.7997360     0.3602230     0.8539210
H     -0.8378410     1.0124560     1.4187880
C     -3.4639870     0.8169180    -1.3880950
H     -2.0065400     1.7675240    -2.6395770
C     -3.8057630     0.2735680    -0.1315690
C     -5.1166890    -0.3376990     0.1320980
Cl    -4.6236200     0.8650130    -2.6897980
Cl    -3.0290600    -0.3415590     2.4339300
C     -5.6569650    -1.3458700    -0.7924710
C     -6.9702590    -1.2747270    -1.3032470
C     -4.8976570    -2.4507530    -1.2322950
C     -7.4931240    -2.2189840    -2.1743330
C     -5.3924840    -3.4052460    -2.1086100
C     -6.6933860    -3.2796960    -2.5719900
H     -8.5029380    -2.1137340    -2.5494310
H     -4.7749870    -4.2424800    -2.4073250
C     -5.8876460     0.0602950     1.3198750
C     -6.4465190    -0.8828010     2.2080830
C     -6.1181410     1.4121040     1.6519760
C     -7.1772100    -0.5214540     3.3303520
C     -6.8382150     1.8016190     2.7715980
C     -7.3650500     0.8250130     3.6031490
H     -7.5753160    -1.2823740     3.9891530
H     -6.9993350     2.8519830     2.9771470
Cl    -8.0054340     0.0771970    -0.9311870
Cl    -7.3313090    -4.4701590    -3.6681880
Cl    -3.2898540    -2.7362940    -0.6217980
Cl    -5.5765760     2.6989070     0.6079970
Cl    -8.2750450     1.2960520     5.0088790
Cl    -6.1738580    -2.5905650     1.9918560
C      5.3130430     0.3589370    -0.1458170
C      6.2742490     0.6709230    -1.1135790
C      5.7298270    -0.3392730     0.9928330
C      7.6027040     0.3046230    -0.9468790
H      5.9713380     1.1837420    -2.0216350
C      7.0564260    -0.7140860     1.1564650
H      5.0100590    -0.5681930     1.7731500
C      8.0200190    -0.3974400     0.1908120
H      8.3308680     0.5486080    -1.7143890
H      7.3605620    -1.2471360     2.0521100
C      9.4342560    -0.7923770     0.3664230
C     10.4576130     0.2336390     0.4814810
C      9.7847760    -2.2020440     0.4216040
C     10.1601440     1.5936900     0.4838260
C     11.8268570    -0.1601640     0.6376170
C      8.8434330    -3.2160300     0.2672950
C     11.1569870    -2.5737620     0.6032440
C     11.1716230     2.5674290     0.5943950
H      9.1278430     1.9149300     0.4054030
C     12.1507950    -1.5509810     0.7013320
C     12.8124320     0.8177290     0.7461150
C      9.2096670    -4.5746070     0.3272810
H      7.8054320    -2.9583120     0.0905700
C     11.4991960    -3.9225480     0.6589060
C     12.4893740     2.1849360     0.7185710
H     10.9012690     3.6182270     0.5851280
H     13.1898580    -1.8412050     0.8291530
H     13.8477420     0.5089370     0.8605860
C     10.5262740    -4.9277920     0.5275720
H      8.4463110    -5.3367090     0.2098890
H     12.5416040    -4.1941140     0.8002920
H     13.2757790     2.9276130     0.8036440
H     10.8182460    -5.9716560     0.5760620
