C 3.68935013 0.07866668 -3.71185327
C -3.76727271 -0.02483175 -3.48609734
C 2.67969966 0.99400616 -3.98977280
C -2.77339387 -0.91493654 -3.87844110
C 3.53831029 -0.86680073 -2.70278835
C -3.55479169 0.86447746 -2.43795896
C 0.91217905 0.79361570 2.21259046
C -0.68801701 -1.01145554 2.20212245
C 1.50844812 0.95210910 -3.24025846
C -1.55713677 -0.90680903 -3.20272279
C 2.35446095 -0.88858908 -1.97215474
C -2.32698226 0.85405123 -1.78351915
C 0.88054317 0.80378199 0.82479918
C -0.70777255 -0.97286803 0.81487113
C 1.28220308 0.01263324 -2.20083427
C -1.26859415 -0.02740552 -2.12658596
C 0.06785810 -0.06473412 0.04717646
H 2.80591989 1.74215436 -4.76179695
H -2.94359231 -1.62037706 -4.68176413
H 4.31814718 -1.58900714 -2.49787927
H -4.32075882 1.57086253 -2.14427972
H 1.54564190 1.48871565 2.74406576
H -1.26347673 -1.77278149 2.71267247
C 0.02871458 -0.02701859 -1.42285669
Cl 0.33716670 2.20904565 -3.59579182
Cl -0.40800372 -2.13450623 -3.70386815
Cl 2.21815443 -2.17642808 -0.78886753
Cl -2.12154222 2.08052349 -0.54508078
Cl 1.83920240 2.06268811 0.06327499
Cl -1.67711532 -2.21737790 0.04152256
Cl 5.17069483 0.11820477 -4.64354086
Cl -5.30493069 -0.02322945 -4.32204914
N 0.10146140 -0.13077845 4.32780838
C 1.12744987 0.23172624 5.19745970
C -0.96746236 -0.56971610 5.11735296
N 2.32725835 0.70074081 4.88161516
H -1.89297152 -0.86248338 4.64547825
C 0.67728025 -0.00126185 6.53014040
C 3.10182524 0.94776332 5.94751453
N 1.46534359 0.25390670 7.58332825
C 2.67537546 0.72878653 7.26966429
H 4.09719753 1.33665919 5.74874210
H 3.34624171 0.95081431 8.09655952
C -0.66070563 -0.50741243 6.44644594
H -1.31038427 -0.76914519 7.26835728
C 0.11526289 -0.11552611 2.91564870
