C     -0.08124208    -0.24528280     0.04431754
C     -0.01201351     1.20638680    -0.19590001
C     -0.72722924     1.84727788    -1.24252856
C      0.77495545     2.08120036     0.59981030
C     -0.66487581     3.21422410    -1.48173904
C      0.84154487     3.45233893     0.38665247
C      0.12018880     4.03006792    -0.66193223
H     -1.19405615     3.63692665    -2.32670617
H      1.42078304     4.07282352     1.05914164
C      1.15985644    -1.01902056     0.23250452
C      1.34089339    -1.93366861     1.30312228
C      2.27263904    -0.90476048    -0.64215106
C      2.50803852    -2.66671944     1.49218976
C      3.45365095    -1.61995494    -0.47318611
C      3.56083441    -2.50060129     0.59814739
H      2.59631586    -3.33786869     2.33705926
H      4.26468468    -1.50363708    -1.18075252
C     -1.39031696    -0.92177409     0.09792238
C     -1.66898358    -2.11325097    -0.62252015
C     -2.47271895    -0.43373549     0.87646055
C     -2.89715481    -2.76474881    -0.57448065
C     -3.71263504    -1.06111908     0.93788952
C     -3.91392851    -2.22913074     0.20944458
H     -3.05897689    -3.66371512    -1.15561390
H     -4.49765348    -0.65364486     1.56211150
Cl     -2.28732204     0.97220087     1.91097593
Cl     -5.46563578    -3.03352523     0.28010187
Cl     -0.48758957    -2.80666900    -1.71856844
Cl      2.19876313     0.09750595    -2.08140111
Cl      5.03755522    -3.41041541     0.82398641
Cl      0.11476783    -2.13516307     2.54185653
Cl      1.63799798     1.49133992     2.00967479
Cl     -1.66240132     0.91716945    -2.40027690
N      0.18149596     5.42324543    -0.88944167
C      1.35205305     6.18554449    -1.01889741
C      0.99626511     7.54025030    -1.23245955
C      2.68833303     5.77766848    -1.00921452
C      1.99207652     8.50659561    -1.41070449
C      3.67126822     6.74743748    -1.18877113
H      2.96499228     4.73817444    -0.87462980
C      3.31811547     8.09255028    -1.38056362
H      1.74377835     9.54954147    -1.57369041
H      4.71848392     6.46687651    -1.18380153
C     -0.91990942     6.28278255    -1.01767051
C     -2.28536248     6.00397062    -0.91818023
C     -0.45051515     7.60236549    -1.23039770
C     -3.18229651     7.05921221    -1.06113386
H     -2.64920664     5.00083923    -0.72677636
C     -1.36060953     8.65533352    -1.37359726
C     -2.71651721     8.36338043    -1.29135716
H     -4.24902248     6.87824154    -0.99195194
H     -1.02556133     9.67336369    -1.53929448
Cl      4.59726572     9.28316784    -1.59680974
Cl     -3.88984323     9.66393757    -1.47169995