 C                 -0.23400977    0.12231904    4.29737329
 C                  0.27470407   -3.79230213   -1.95149004
 C                 -0.14320482    3.60204649   -2.44018316
 C                 -1.06371856   -0.72911167    3.55903459
 C                  0.59999228    0.99142355    3.58567476
 C                 -0.67102778   -2.88554621   -2.40947437
 C                  0.84711832    2.65195680   -2.64621568
 C                  1.10499167   -3.47640920   -0.88555264
 C                 -1.11123669    3.42104173   -1.46199179
 C                 -1.03185320   -0.72837079    2.17585444
 C                  0.62245381    0.98284423    2.20108819
 C                 -0.78026146   -1.65315437   -1.78051066
 C                  0.85981196    1.51223373   -1.85471880
 C                  0.97811127   -2.23528004   -0.27782175
 C                 -1.08126974    2.26739740   -0.69096333
 C                 -0.17592995    0.11088331    1.42359626
 C                  0.03319433   -1.26814699   -0.69151539
 C                 -0.10289202    1.26032686   -0.85120887
 H                 -1.77580547   -1.37092829    4.06601858
 H                  1.29449654    1.63494146    4.11461639
 H                 -1.33385324   -3.13954949   -3.22793245
 H                  1.60410225    2.79486537   -3.40825272
 H                  1.85625851   -4.17668438   -0.54031748
 H                 -1.89684403    4.15281010   -1.31637263
 C                 -0.08875439    0.04088277   -0.03460400
 Cl                -2.18919396   -1.75155175    1.37784398
 Cl                 1.79397690    2.02262950    1.44756734
 Cl                -2.05394316   -0.62005168   -2.34506917
 Cl                 2.18494678    0.42327747   -2.11066628
 Cl                 2.12723684   -1.88247550    0.97207534
 Cl                -2.37189341    2.07509899    0.45020893
 Cl                 0.42005855   -5.33775568   -2.71999621
 Cl                -0.17819783    5.02745771   -3.42386460
 C                 -0.21497358    0.07646426    5.76771355
 C                 -0.39846531   -1.12936795    6.45373726
 C                  0.00867080    1.22250152    6.53664780
 C                 -0.33751640   -1.17746127    7.83277845
 H                 -0.55513614   -2.05123520    5.90073061
 C                  0.06567214    1.21339619    7.92792273
 H                  0.11836075    2.17375755    6.02232742
 C                 -0.09969213   -0.01791910    8.59178829
 H                 -0.47105527   -2.12814331    8.33653736
 N                 -0.03214270   -0.09690273    9.98008060
 C                  0.36784351    2.29947615   10.18029594
 C                 -0.15315613   -1.37386727   10.60883808
 C                  0.22051610    1.03269696   10.76975822
 C                  0.60225540    3.38909268   11.02200985
 C                  0.97601199   -2.17637992   10.76845837
 C                 -1.39643395   -1.81788731   11.05690956
 C                  0.31945392    0.89820898   12.16413689
 C                  0.69663894    3.26314855   12.40147305
 H                  0.71234214    4.37619400   10.58044720
 C                  0.86080724   -3.42289042   11.37668991
 H                  1.93800139   -1.81135368   10.41952801
 C                 -1.50734949   -3.06460404   11.66722775
 H                 -2.26566267   -1.18022430   10.92338943
 H                  0.20645417   -0.07988717   12.61655140
 C                  0.55444843    2.00224304   12.96965122
 H                  0.87637389    4.13708639   13.02025509
 C                 -0.38062745   -3.86779571   11.82578945
 H                  1.74210477   -4.04569578   11.50100803
 H                 -2.47755003   -3.41152263   12.01192665
 H                  0.61999577    1.86977422   14.04631805
 H                 -0.47006929   -4.84242105   12.29755592