C      2.42346954     0.39051524     2.28150964
C      1.99957299     1.49757302     1.41961861
C      2.48852468     1.66953647     0.10360102
C      1.07253480     2.47932243     1.84111571
C      2.08085823     2.70231104    -0.72515529
C      0.67475921     3.53810692     1.03930342
C      1.17687392     3.65459228    -0.25623691
H      2.47145748     2.76904631    -1.73389816
H     -0.01947347     4.27452469     1.42743099
C      2.83859181     0.65088570     3.66499138
C      2.33005595    -0.08303808     4.76051140
C      3.77018881     1.65939987     3.99937057
C      2.71340084     0.15392546     6.07341671
C      4.16482973     1.92312515     5.30344343
C      3.62923956     1.16378748     6.33453369
H      2.28381920    -0.42898497     6.87888193
H      4.89509821     2.69752717     5.50422764
C      2.43676186    -0.98295164     1.76287568
C      3.55139256    -1.83920622     1.91266847
C      1.33288217    -1.54690289     1.08433294
C      3.57252407    -3.14296627     1.43762195
C      1.33104718    -2.84447193     0.59209681
C      2.45632076    -3.63606143     0.77637804
H      4.45940638    -3.75286460     1.56175804
H      0.45585731    -3.23247433     0.08494047
Cl     -0.14604543    -0.66040003     0.89879018
Cl      2.46951532    -5.25661802     0.16844995
Cl      5.02099562    -1.26849508     2.63488126
Cl      4.55751801     2.58843637     2.76412630
Cl      4.12047720     1.47081470     7.96568727
Cl      1.10216630    -1.28596342     4.53275204
Cl      0.30234054     2.36721206     3.39231253
Cl      3.70146012     0.60843569    -0.54045832
N      0.77081448     4.71663523    -1.08001399
C      1.61209714     5.52998638    -1.83217764
C     -0.54556042     5.07636547    -1.35417569
C      0.84676099     6.42335606    -2.59153032
C     -1.72445512     4.50285006    -0.88131952
C     -0.53958601     6.14087582    -2.28898859
H     -1.70887268     3.65917778    -0.19854070
C     -2.92565036     5.03709507    -1.32436907
C     -1.77182806     6.65805197    -2.71069789
H     -3.85989332     4.61651802    -0.96267700
C     -2.94887781     6.11048841    -2.22360086
H     -1.82328928     7.48340845    -3.41163158
C      3.65650320     6.44795132    -2.63433027
H     -3.90234542     6.51735783    -2.54834056
H      4.74276924     6.48891211    -2.64800692
C      3.02183986     5.54680729    -1.82245183
H      3.58572388     4.87615299    -1.18289399
C      1.50533426     7.36545181    -3.43801403
C      2.93546152     7.35728598    -3.45781612
C      0.83392221     8.30073452    -4.25924301
C      1.53192365     9.16817665    -5.06893444
H      0.98848498     9.86944389    -5.69685888
C      2.93933177     9.14890289    -5.09797239
H      3.48003173     9.82928276    -5.74947262
H     -0.24873643     8.32950115    -4.26489735
C      3.62190723     8.26180267    -4.30001402
H      4.70951319     8.23677254    -4.31031704