C 3.71981812 0.21380013 -3.65846086
C -3.72256136 -0.23539810 -3.54710507
C 0.02986404 0.04487332 2.91493917
C 2.67172122 1.06938004 -3.98082542
C -2.68259215 -1.09132099 -3.89339495
C 3.59759068 -0.70637894 -2.62247705
C -3.57021284 0.69577950 -2.52501535
C 0.80573660 0.96268994 2.20166636
C -0.71739507 -0.90720284 2.21506310
C 1.49167347 0.99429661 -3.24794793
C -1.48050356 -1.00648987 -3.19806027
C 2.40421844 -0.76325917 -1.90957284
C -2.35529423 0.76196480 -1.85024786
C 0.80741411 0.93090749 0.81363177
C -0.70715553 -0.91272765 0.82692629
C 1.29411113 0.07816885 -2.18208337
C -1.25227451 -0.08048584 -2.14675260
C 0.04615398 0.00576888 0.04845059
H 2.77426600 1.79853642 -4.77428341
H -2.80748630 -1.82837272 -4.67630386
H 4.40754509 -1.38350296 -2.38309360
H -4.37343073 1.37459779 -2.26825428
H 1.39256680 1.70576358 2.72306895
H -1.27262568 -1.66945112 2.74628472
C 0.03146808 0.00193066 -1.42248404
Cl 0.26868656 2.18290138 -3.66026878
Cl -0.26799789 -2.19553065 -3.63774800
Cl 2.30989480 -2.01974964 -0.68947828
Cl -2.22733665 2.03267193 -0.64651722
Cl 1.72881305 2.20641851 0.03366522
Cl -1.60287523 -2.22263527 0.07223102
Cl 5.21263552 0.29691216 -4.56849098
Cl -5.24329996 -0.33147085 -4.40836477
N 0.00794779 0.06856545 4.32811832
C 1.12340915 0.19057173 5.15779495
C -1.12215197 -0.10742890 5.15589571
N 2.37723231 0.37121761 4.77067089
C -2.47160959 -0.20493777 4.80609751
C 0.71462071 0.07180947 6.51525307
C -0.71692592 -0.11600248 6.51507854
C 3.24929643 0.43700910 5.79107189
C -3.39907002 -0.34311110 5.83755684
H -2.79587054 -0.16031943 3.77326775
N 1.59194040 0.13992769 7.51700401
C -1.66492164 -0.25704050 7.53380585
C 2.86478448 0.32518944 7.13482666
C -3.00630188 -0.37775117 7.18655491
H 4.29391289 0.58548737 5.52891064
H -4.45306206 -0.42102098 5.58718348
H -1.34584451 -0.26208329 8.57116508
H 3.61141968 0.38814113 7.92242861
H -3.75890684 -0.48922163 7.96089077
