C     11.56996727    16.80090332    -5.69134617
C     10.88969135    15.53224659    -5.95870543
C      9.83570957    15.41411877    -6.89560890
C     11.24216652    14.32495403    -5.31080961
C      9.20959568    14.21266079    -7.18348789
C     10.60471916    13.11965084    -5.55768585
C      9.58846474    13.05031967    -6.51136303
H      8.43187809    14.18056393    -7.93774223
H     10.90517807    12.23337555    -5.01157045
C     11.80609894    17.23402977    -4.30878592
C     13.07123375    17.67362404    -3.85770679
C     10.78477764    17.24158287    -3.33205318
C     13.30744267    18.08694839    -2.55410767
C     10.99546051    17.64218140    -2.02017021
C     12.26174927    18.06657028    -1.64165962
H     14.30096245    18.39716148    -2.25319386
H     10.17676258    17.63519478    -1.31054413
C     12.01928234    17.64404488    -6.80631876
C     11.74229717    19.02832603    -6.87058640
C     12.77231884    17.13182068    -7.88708496
C     12.17514324    19.83941650    -7.91016006
C     13.21341228    17.91918182    -8.94136333
C     12.90984249    19.27361488    -8.94287872
H     11.91573524    20.89126778    -7.92368984
H     13.79643917    17.47948647    -9.74164104
Cl     13.28312206    15.47437382    -7.91004992
Cl     13.44868565    20.26865005   -10.25309944
Cl     10.74202156    19.78972244    -5.67607117
Cl      9.15559196    16.81611824    -3.74698758
Cl     12.54163647    18.57091141    -0.00942337
Cl     14.45272255    17.63150787    -4.90491676
Cl     12.56725216    14.26802731    -4.19055843
Cl      9.21107197    16.81267166    -7.71302605
N      8.96715260    11.82856274    -6.80139160
C      7.58827019    11.61777878    -6.91322899
C      9.62747002    10.61761475    -7.04026461
C      7.36901999    10.24049473    -7.22468901
C     10.99305058    10.34987926    -7.09830952
C      8.67113113     9.61509514    -7.30236578
C      6.08669806     9.76360416    -7.37296486
H     11.73313522    11.12777233    -6.94387197
C     11.38430023     9.04661369    -7.38950109
C      9.08646393     8.31654644    -7.59066057
H      5.90673304     8.71651077    -7.60543776
C      4.98803425    10.63639069    -7.22021818
H     12.44491482     8.81678486    -7.44405746
C     10.44640064     8.03583717    -7.62727785
H      8.35472870     7.53900862    -7.79426384
C      5.22103500    12.01293373    -6.88919830
H     10.78578568     7.03106165    -7.86022377
C      6.54250908    12.49149990    -6.72642040
H      6.70107555    13.52983952    -6.45106173
C      3.65157938    10.18779087    -7.38605690
C      2.59355617    11.04800606    -7.24338245
H      1.57650864    10.69104958    -7.37985420
C      2.82268119    12.40641308    -6.92115021
H      1.97893870    13.08350372    -6.81792688
C      4.10062551    12.87229633    -6.74331427
H      4.27479267    13.91726971    -6.49625921
H      3.48363376     9.14270020    -7.63651514